NEH,px_t,RMSE,fNatIsotopes0,fNatIsotopes1,fNatIsotopes2,fNatIsotopes3,fNatIsotopes4,fNatIsotopes5,current_Exp_isotope_distribution_t0[0],current_Exp_isotope_distribution_t0[1],current_Exp_isotope_distribution_t0[2],current_Exp_isotope_distribution_t0[3],current_Exp_isotope_distribution_t0[4],current_Exp_isotope_distribution_t0[5],fLabIsotopes[0],fLabIsotopes[1],fLabIsotopes[2],fLabIsotopes[3],fLabIsotopes[4],fLabIsotopes[5],current_Exp_isotope_distribution[0],current_Exp_isotope_distribution[1],current_Exp_isotope_distribution[2],current_Exp_isotope_distribution[3],current_Exp_isotope_distribution[4],current_Exp_isotope_distribution[5],NumberOfHydrogens,PeptideSeq,SeqMass,Charge,Exp_time
23,0.03855948,0.129069834576297,0.46784,0.34024,0.13888,0.04102,0.00969,0.00193,0.467015643767311,0.340937743605663,0.142034394981933,0.0402363439736277,0.00829815887050097,0.00147771480096462,0.1893435,0.3124143,0.2603431,0.1461473,0.06218309,0.021389,0.457232026848113,0.343920369216897,0.14797894851652,0.0392501195152432,0.00953504581619791,0.00208349008702833,101,DNIQGITKPAIR,442.58936,3,1
23,0.04479649,0.139519938267907,0.46784,0.34024,0.13888,0.04102,0.00969,0.00193,0.467015643767311,0.340937743605663,0.142034394981933,0.0402363439736277,0.00829815887050097,0.00147771480096462,0.1630161,0.2944462,0.2670491,0.1622757,0.07436848,0.02742769,0.45085344081907,0.33959883641063,0.151871473459099,0.0436733199131402,0.0115042141563546,0.00249871524170639,101,DNIQGITKPAIR,442.58936,3,2
23,0.04580533,0.14231956944669,0.46784,0.34024,0.13888,0.04102,0.00969,0.00193,0.467015643767311,0.340937743605663,0.142034394981933,0.0402363439736277,0.00829815887050097,0.00147771480096462,0.1591011,0.2914263,0.2678125,0.1647652,0.07639246,0.02848409,0.451345480547505,0.341556781771246,0.148055592881213,0.0449929547500043,0.0110113539042568,0.00303783614577513,101,DNIQGITKPAIR,442.58936,3,3
23,0.04599918,0.13777767031158,0.46784,0.34024,0.13888,0.04102,0.00969,0.00193,0.467015643767311,0.340937743605663,0.142034394981933,0.0402363439736277,0.00829815887050097,0.00147771480096462,0.1583594,0.2908436,0.2679496,0.1652396,0.07678287,0.02868962,0.444816075291301,0.330681920720506,0.154552335807878,0.051874322417414,0.0140864909469381,0.00398885481596287,101,DNIQGITKPAIR,442.58936,3,6
23,0.04599987,0.137348271140953,0.46784,0.34024,0.13888,0.04102,0.00969,0.00193,0.467015643767311,0.340937743605663,0.142034394981933,0.0402363439736277,0.00829815887050097,0.00147771480096462,0.1583566,0.2908413,0.2679499,0.1652412,0.07678422,0.02869034,0.445023395827131,0.328163989861838,0.157830084547078,0.0517940737245708,0.013632653967932,0.00355580207144982,101,DNIQGITKPAIR,442.58936,3,7
23,0.046,0.129018366140377,0.46784,0.34024,0.13888,0.04102,0.00969,0.00193,0.467015643767311,0.340937743605663,0.142034394981933,0.0402363439736277,0.00829815887050097,0.00147771480096462,0.1583562,0.290841,0.2679501,0.1652415,0.07678448,0.02869047,0.425060996495555,0.333367951637063,0.161353015471582,0.0580216551221927,0.0177131329580651,0.00448324831554209,101,DNIQGITKPAIR,442.58936,3,9
23,0.046,0.121137964418793,0.46784,0.34024,0.13888,0.04102,0.00969,0.00193,0.467015643767311,0.340937743605663,0.142034394981933,0.0402363439736277,0.00829815887050097,0.00147771480096462,0.1583562,0.290841,0.2679501,0.1652415,0.07678448,0.02869047,0.408877841927424,0.331234423981506,0.167527890249097,0.0658246241924785,0.0204379278711461,0.00609729177834824,101,DNIQGITKPAIR,442.58936,3,13
23,0.046,0.119952675649556,0.46784,0.34024,0.13888,0.04102,0.00969,0.00193,0.467015643767311,0.340937743605663,0.142034394981933,0.0402363439736277,0.00829815887050097,0.00147771480096462,0.1583562,0.290841,0.2679501,0.1652415,0.07678448,0.02869047,0.404622420458878,0.334830285794519,0.167357969594695,0.0644568681914947,0.0221537965642802,0.00657865939613377,101,DNIQGITKPAIR,442.58936,3,16
23,0.046,0.110890162775152,0.46784,0.34024,0.13888,0.04102,0.00969,0.00193,0.467015643767311,0.340937743605663,0.142034394981933,0.0402363439736277,0.00829815887050097,0.00147771480096462,0.1583562,0.290841,0.2679501,0.1652415,0.07678448,0.02869047,0.384114678683005,0.338130729744713,0.175272451126222,0.0722122658363012,0.0232904641746815,0.00697941043507736,101,DNIQGITKPAIR,442.58936,3,21
23,0.046,0.102390855779237,0.46784,0.34024,0.13888,0.04102,0.00969,0.00193,0.467015643767311,0.340937743605663,0.142034394981933,0.0402363439736277,0.00829815887050097,0.00147771480096462,0.1583562,0.290841,0.2679501,0.1652415,0.07678448,0.02869047,0.370319473515246,0.326374859604851,0.18579282168005,0.0806067617554873,0.0275243825632276,0.00938170088113787,101,DNIQGITKPAIR,442.58936,3,24
23,0.046,0.102034397455967,0.46784,0.34024,0.13888,0.04102,0.00969,0.00193,0.467015643767311,0.340937743605663,0.142034394981933,0.0402363439736277,0.00829815887050097,0.00147771480096462,0.1583562,0.290841,0.2679501,0.1652415,0.07678448,0.02869047,0.366560730557639,0.333797538574146,0.181664193636546,0.0812108565028873,0.0282017900773623,0.00856489065142033,101,DNIQGITKPAIR,442.58936,3,31
